6002456	1578064	7580520	79.18264182404373	ONEBIT	4	4
5495981	2084539	7580520	72.50137193754517	TWOBITS_TYPE1	4	4
5993695	1586825	7580520	79.06706927756935	TWOBITS_TYPE2	4	4
5779831	1800689	7580520	76.24583801638937	TWOBITS_TYPE3	4	4
5751965	1828555	7580520	75.8782379045237	TWOBITS_TYPE4	4	4
7279919	300601	7580520	96.03455963443142	ONEBIT	4	10
7236783	343737	7580520	95.46552215415302	TWOBITS_TYPE1	4	10
7305036	275484	7580520	96.36589574329993	TWOBITS_TYPE2	4	10
7290910	289610	7580520	96.17954968788422	TWOBITS_TYPE3	4	10
7296496	284024	7580520	96.25323856410905	TWOBITS_TYPE4	4	10
7366994	213526	7580520	97.18322753584187	ONEBIT	4	20
7341948	238572	7580520	96.85282803818208	TWOBITS_TYPE1	4	20
7390065	190455	7580520	97.48757341185038	TWOBITS_TYPE2	4	20
7379427	201093	7580520	97.3472400310269	TWOBITS_TYPE3	4	20
7384558	195962	7580520	97.41492668049158	TWOBITS_TYPE4	4	20
7366983	213537	7580520	97.18308242706306	ONEBIT	4	22
7341936	238584	7580520	96.85266973769609	TWOBITS_TYPE1	4	22
7390059	190461	7580520	97.4874942616074	TWOBITS_TYPE2	4	22
7379421	201099	7580520	97.3471608807839	TWOBITS_TYPE3	4	22
7384552	195968	7580520	97.41484753024858	TWOBITS_TYPE4	4	22
6002456	1578064	7580520	79.18264182404373	ONEBIT	10	4
5495981	2084539	7580520	72.50137193754517	TWOBITS_TYPE1	10	4
5993695	1586825	7580520	79.06706927756935	TWOBITS_TYPE2	10	4
5779831	1800689	7580520	76.24583801638937	TWOBITS_TYPE3	10	4
5751965	1828555	7580520	75.8782379045237	TWOBITS_TYPE4	10	4
7288314	292206	7580520	96.14530401608333	ONEBIT	10	10
7260556	319964	7580520	95.77912860859149	TWOBITS_TYPE1	10	10
7300979	279541	7580520	96.31237698733068	TWOBITS_TYPE2	10	10
7292068	288452	7580520	96.19482568478152	TWOBITS_TYPE3	10	10
7299611	280909	7580520	96.29433073192868	TWOBITS_TYPE4	10	10
7414777	165743	7580520	97.81356687931698	ONEBIT	10	20
7391025	189495	7580520	97.50023745072897	TWOBITS_TYPE1	10	20
7419362	161158	7580520	97.87405085666946	TWOBITS_TYPE2	10	20
7412268	168252	7580520	97.78046888603949	TWOBITS_TYPE3	10	20
7415885	164635	7580520	97.82818329085605	TWOBITS_TYPE4	10	20
7414771	165749	7580520	97.813487729074	ONEBIT	10	22
7391027	189493	7580520	97.50026383414331	TWOBITS_TYPE1	10	22
7419360	161160	7580520	97.87402447325513	TWOBITS_TYPE2	10	22
7412275	168245	7580520	97.78056122798964	TWOBITS_TYPE3	10	22
7415888	164632	7580520	97.82822286597754	TWOBITS_TYPE4	10	22
6002456	1578064	7580520	79.18264182404373	ONEBIT	20	4
5495981	2084539	7580520	72.50137193754517	TWOBITS_TYPE1	20	4
5993695	1586825	7580520	79.06706927756935	TWOBITS_TYPE2	20	4
5779831	1800689	7580520	76.24583801638937	TWOBITS_TYPE3	20	4
5751965	1828555	7580520	75.8782379045237	TWOBITS_TYPE4	20	4
7288314	292206	7580520	96.14530401608333	ONEBIT	20	10
7260556	319964	7580520	95.77912860859149	TWOBITS_TYPE1	20	10
7300979	279541	7580520	96.31237698733068	TWOBITS_TYPE2	20	10
7292068	288452	7580520	96.19482568478152	TWOBITS_TYPE3	20	10
7299611	280909	7580520	96.29433073192868	TWOBITS_TYPE4	20	10
7416687	163833	7580520	97.83876304000253	ONEBIT	20	20
7408940	171580	7580520	97.73656688459367	TWOBITS_TYPE1	20	20
7410791	169729	7580520	97.76098473455647	TWOBITS_TYPE2	20	20
7405563	174957	7580520	97.69201848949677	TWOBITS_TYPE3	20	20
7407973	172547	7580520	97.72381050376492	TWOBITS_TYPE4	20	20
7416635	163885	7580520	97.83807707122995	ONEBIT	20	22
7408865	171655	7580520	97.73557750655628	TWOBITS_TYPE1	20	22
7410378	170142	7580520	97.75553655949723	TWOBITS_TYPE2	20	22
7405127	175393	7580520	97.68626690517273	TWOBITS_TYPE3	20	22
7407543	172977	7580520	97.71813806968387	TWOBITS_TYPE4	20	22
6002456	1578064	7580520	79.18264182404373	ONEBIT	22	4
5495981	2084539	7580520	72.50137193754517	TWOBITS_TYPE1	22	4
5993695	1586825	7580520	79.06706927756935	TWOBITS_TYPE2	22	4
5779831	1800689	7580520	76.24583801638937	TWOBITS_TYPE3	22	4
5751965	1828555	7580520	75.8782379045237	TWOBITS_TYPE4	22	4
7288314	292206	7580520	96.14530401608333	ONEBIT	22	10
7260556	319964	7580520	95.77912860859149	TWOBITS_TYPE1	22	10
7300979	279541	7580520	96.31237698733068	TWOBITS_TYPE2	22	10
7292068	288452	7580520	96.19482568478152	TWOBITS_TYPE3	22	10
7299611	280909	7580520	96.29433073192868	TWOBITS_TYPE4	22	10
7416687	163833	7580520	97.83876304000253	ONEBIT	22	20
7408940	171580	7580520	97.73656688459367	TWOBITS_TYPE1	22	20
7410791	169729	7580520	97.76098473455647	TWOBITS_TYPE2	22	20
7405563	174957	7580520	97.69201848949677	TWOBITS_TYPE3	22	20
7407973	172547	7580520	97.72381050376492	TWOBITS_TYPE4	22	20
7415342	165178	7580520	97.82102019386532	ONEBIT	22	22
7405860	174660	7580520	97.69593642652484	TWOBITS_TYPE1	22	22
7403842	176678	7580520	97.66931556146544	TWOBITS_TYPE2	22	22
7398772	181748	7580520	97.60243360613784	TWOBITS_TYPE3	22	22
7400932	179588	7580520	97.6309276936147	TWOBITS_TYPE4	22	22
